265861098597658624
265861098798997504
265861098715107328
265861098677346305
265861099256152064
265861098920624131
265861098874470400
265861099096780800
265861099524603904
265861099130343424
265861099738509312
265861099142922240
265861100191506432
265861100791291905
265861100166344704
265861099843358720
265861100279574529
265861100116008960
265861100447342594
265861101223301120
265861101202329600
265861100904521730
265861101382664192
265861100954857473
265861101797928960
265861101353328640
265861101839863808
265861102292836352
265861101609172992
265861101269417984
265861101286203392
265861102099910656
265861102519341056
265861102825533440
265861102670323712
265861102980694017
265861102347370496
265861102850699265
265861103530147840
265861103052005378
265861103152664577
265861103056207872
265861102938771456
265861103551123456
265861102854864896
265861103978962944
265861103618252800
265861104100593665
265861103848935424
265861103878283264
265861104134135808
265861104050253825
265861103374979072
265861104054456320
265861104180293632
265861104691982338
265861104784269312
265861105040105472
265861105472118785
265861104771678209
265861104528420864
265861105514074113
265861105052688385
265861105811861504
265861105417588738
265861105837031424
265861105778323456
265861105866375170
265861105950261248
265861106084487169
265861106118049794
265861106298392577
265861106306789378
265861106436804608
265861106977873922
265861106885599233
265861107003039744
265861106650734594
265861106873028608
265861107003035648
265861106608771073
265861107669925888
265861106722041857
265861107414077443
265861107636383744
265861108169076736
265861107833511936
265861107955159040
265861108613656577
265861107867066368
265861108471054337
265861109536419843
265861107380527104
265861107816755200
265861110014545920
265861109385412609
265861108223590401
265861110459166722
265861109968420864
265861109960036352
265861110094258177
265861110912143361
265861110324948992
265861110966669312
265861111054745600
265861110350090241
265861110899560448
265861110962458625
265861111541280769
265861111641931777
265861111121846272
265861110660472836
265861111360913410
265861110287187970
265861111788748800
265861111662911490
265861111600001024
265861111927173121
265861111650344960
265861111721648128
265861111675510787
265861112388542464
265861112564703232
265861111977488384
265861112254324736
265861113143521282
265861113915269120
265861112724090880
265861112732454913
265861111511916544
265861113802002435
265861113856536578
265861114867355648
265861114120773634
265861114938667008
265861113613279233
265861115534258178
265861114582167552
265861114544398337
265861115907563520
265861114364043264
265861116087914496
265861114632482817
265861114993197056
265861116352159744
265861116532502528
265861116628971520
265861115911749632
265861116897406978
265861117040025600
265861116612190208
265861117530746880
265861117253931008
265861117367181314
265861117253926912
265861117140664321
265861117618823168
265861118247964673
265861117669146625
265861117258129409
265861117199409152
265861117396525056
265861118323470338
265861118965215232
265861118679982080
265861118520598528
265861118784860160
265861119086829568
265861118419935232
265861118784839681
265861118575140864
265861119342686209
265861118709334016
265861119581753345
265861118977785861
265861119262998528
265861119086837760
265861119099428864
265861119665639425
265861119132975105
265861119439163392
265861119728549888
265861119774691329
265861119711784961
265861120085073920
265861120177340417
265861119464333313
265861120051539968
265861120433197056
265861120533864450
265861120798101504
265861120588410882
265861120458362882
265861120571613184
265861120584208384
265861120722599937
265861121343385600
265861121074950144
265861121003618305
265861121129451521
